m,p,betas,gammas
1981,1,[2.0016363],[1.06206712]
1981,2,[2.75951616 3.62098955],[2.07682976 1.61691512]
1981,3,[3.03426203 1.8933256  2.522327  ],[1.44970015 1.1939648  1.09412502]
1981,4,[2.11294283 2.66258378 2.94478102 2.46218042],[1.584243   1.64654697 0.18816077 1.39748852]
1981,5,[3.23416413 1.97733056 2.3984633  2.53071579 2.13975715],[1.14561199 1.24760997 1.25309101 1.42115382 1.3495384 ]
1981,6,[2.74128614 2.68222633 2.50746731 1.77275668 2.58556541 2.4516993 ],[1.12771254 1.43432514 1.11411279 1.62806548 1.29539708 1.19353805]
1981,7,[2.51680638 2.24695944 2.51728216 2.28714041 2.3179132  2.47169481
 2.66757803],[1.51042411 1.3439456  1.07177117 1.0961108  1.44552111 1.23574061
 1.05731518]
1981,8,[2.72605734 2.83899675 2.15652101 2.22438228 2.53686843 2.55031067
 2.58725393 2.82705273],[1.40634194 1.38230928 0.93154549 0.96800066 1.08857935 1.32707399
 0.88790996 1.20091255]
319,1,[2.82336598],[6.00083746]
319,2,[2.73579011 2.90759377],[6.0602555  5.80577231]
319,3,[2.6797955  2.83356805 2.95251319],[6.09642583 5.9093846  5.80948563]
319,4,[2.65526394 2.78032766 2.86100928 2.96284954],[6.10362891 5.93390837 5.86120852 5.7405628 ]
319,5,[2.65535301 2.76862448 2.82759311 2.87941445 2.97073675],[6.11041057 5.95840512 5.90403077 5.82265194 5.75941993]
319,6,[2.62760001 2.73376435 2.79692318 2.84124696 2.87545095 2.98387748],[6.1232371  5.97127922 5.93947804 5.88561444 5.83762385 5.74048951]
319,7,[2.61884454 2.7182516  2.78288625 2.82354851 2.84646153 2.89181323
 3.01099536],[6.1376233  5.98607241 5.94512599 5.91779673 5.86564507 5.78829921
 5.67962626]
319,8,[2.60788629 2.70239595 2.76151437 2.81346998 2.83886555 2.87314062
 2.92982173 3.02662372],[6.15192381 6.00826146 5.95458237 5.92596766 5.91157778 5.85149297
 5.7873276  5.70624889]
69169,1,[0.3175199],[0.09415811]
69169,2,[0.37681248 0.1822676 ],[0.0717286  0.17294948]
69169,3,[0.40243424 0.21241175 0.13901219],[0.0653256  0.14076735 0.20306601]
69169,4,[0.448768   0.24060594 0.15622542 0.11263389],[0.05927988 0.12791381 0.15633158 0.230862  ]
69169,5,[0.48320947 0.2933786  0.17792653 0.12407862 0.09586543],[0.04718139 0.1180445  0.14977253 0.17122975 0.24169431]
69169,6,[0.49795657 0.26245077 0.19228017 0.13956904 0.10834305 0.09740303],[0.05317702 0.1046486  0.11008534 0.14479655 0.16132162 0.22164165]
69169,7,[0.43712909 0.27735749 0.21735348 0.1505664  0.09645465 0.10614742
 0.07832836],[0.05676149 0.13945014 0.22204777 0.34175031 0.27492472 0.29068107
 0.36332649]
69169,8,[0.52281825 0.3162429  0.1965925  0.17963529 0.15942984 0.10735677
 0.07483257 0.07982166],[0.04923009 0.11980649 0.13443821 0.17513484 0.24929199 0.34383088
 0.25952626 0.31496516]
2893,1,[2.70462174],[4.702424]
2893,2,[2.61213248 2.87007198],[5.68421992 4.87675158]
2893,3,[2.41460966 1.90446888 2.76432681],[5.17245279 5.23830618 3.6489071 ]
2893,4,[2.68890802 2.2725463  2.31227546 2.66018594],[4.80957537 4.3538603  4.488207   4.8711864 ]
2893,5,[2.37880433 2.88026413 3.23930294 2.25926335 2.3753723 ],[4.80895328 4.24144936 4.83439092 4.68609063 4.58649715]
2893,6,[2.38929785 2.98766434 3.24140958 2.47123104 2.39859518 2.59211516],[4.91590959 4.8021231  3.99409029 4.60244147 4.5675621  4.21569904]
2893,7,[2.65476698 2.83521894 4.01772003 2.89189079 2.79137398 2.86650012
 2.86341247],[4.82651068 5.04162579 3.9662894  4.06195609 4.76464469 4.00504026
 4.80389416]
2893,8,[2.38862166 2.9692076  2.72580203 2.3232282  2.66903993 2.77372788
 2.38307178 3.50084908],[4.72073494 4.41247962 4.87384071 4.34576684 4.74643973 4.62614309
 4.88926674 4.81475939]
56153,1,[1.97082596],[0.95684278]
56153,2,[1.66896791 1.91739553],[0.57737969 0.53683279]
56153,3,[2.39038244 1.46899102 2.12106934],[0.89324454 0.9334957  0.76613749]
56153,4,[2.18060446 1.61769911 2.13122249 1.86409296],[0.95014596 1.05001653 0.923546   1.77842771]
56153,5,[2.90369436 1.68199708 2.10151412 1.8703503  1.39830458],[-1.52138152  1.96288467  0.53668552  1.3993646   2.32284685]
56153,6,[2.14295027 2.25081955 2.1012109  1.94811378 1.8337773  1.93884369],[0.34475471 0.92331009 1.15482193 1.41770558 0.98435561 1.49297935]
56153,7,[1.69111574 1.71343294 2.77325317 1.79397672 1.89099913 1.19768784
 1.74290671],[1.01915345 1.98060691 1.03773625 1.28699201 0.73703256 0.95172982
 1.40278258]
56153,8,[1.9977654  2.32658103 1.9769574  2.09101639 1.95361226 2.13107195
 1.86327826 2.33816113],[1.28124306 0.88225878 0.87900452 0.88435799 0.96114474 1.15430209
 1.16618695 1.32855272]
291311,1,[0.38223413],[0.65350422]
291311,2,[0.50770682 0.24442748],[0.38780047 0.78716678]
291311,3,[0.50160931 0.34324264 0.15151525],[0.37680211 0.69184477 1.06488435]
291311,4,[0.47557469 0.37581587 0.25214117 0.15078051],[0.28070357 0.55472528 0.73332463 0.96562113]
291311,5,[0.50145332 0.40977875 0.29401599 0.22582794 0.10431072],[0.21440582 0.48662842 0.67501913 0.82695368 0.99368143]
291311,6,[1.02694998 0.5666994  0.93329062 0.85751747 0.53752997 0.43276661],[0.55772853 0.3413219  0.42351776 0.61909197 0.78452103 0.81515339]
291311 7 0
